The Top 10 most important words in the dataset are as follows:
muttered: 0.3014876033057851
enough: 0.30611570247933884
general: 0.31834710743801653
was: 0.31834710743801653
enjoyed: 0.32694214876033056
opinions: 0.3279338842975207
lost: 0.3279338842975207
woman: 0.32925619834710745
home: 0.33289256198347106
daughter: 0.3368595041322314
