The Top 10 most important words in the dataset are as follows:
cousin: 0.22988980716253443
freedom: 0.23608815426997248
busy: 0.2611570247933884
hardly: 0.27327823691460057
knew: 0.2772727272727272
week: 0.2786501377410468
directly: 0.2800275482093664
grief: 0.2803030303030303
hearts: 0.2933884297520661
will: 0.2943526170798898
